10
10
.93 .06 .98
.61 .11 .33
.81 .54 .85
.16 .65 .37
.98 .53 .93
.13 .98 .37
.86 .25 .20
.31 .54 .85
.49 .63 .60
.66 .66 .35
10
.88 .65 .82
.61 .89 .30
.50 .17 .90
.31 .46 .00
.11 .84 .68
.12 .69 .42
.65 .13 .38
.38 .73 .70
.38 .93 .42
.96 .82 .13
10
.16 .92 .73
.14 .54 .71
.97 .38 .28
.48 .12 .57
.80 .04 .26
.14 .52 .31
.22 .20 .59
.95 .33 .51
.30 .39 .83
.94 .53 .64
10
.09 .96 .49
.04 .03 .23
.44 .00 .86
.01 .44 .73
.48 .50 .54
.96 .92 .39
.36 .13 .07
.04 .78 .08
.18 .78 .65
.97 .10 .25
10
.36 .78 .57
.39 .79 .88
.55 .17 .24
.39 .45 .49
.03 .83 .98
.84 .80 .95
.31 .45 .59
.60 .57 .85
.58 .34 .44
.52 .34 .79
10
.93 .88 .25
.13 .73 .84
.94 .93 .67
.34 .42 .42
.88 .85 .30
.02 .47 .94
.52 .06 .98
.23 .81 .18
.65 .38 .93
.20 .40 .96
10
.64 .70 .32
.30 .89 .59
.90 .79 .03
.41 .63 .30
.74 .21 .52
.52 .52 .83
.46 .64 .73
.62 .49 .27
.07 .51 .59
.04 .41 .77
10
.05 .96 .68
.08 .30 .34
.75 .01 .34
.75 .86 .28
.27 .49 .91
.62 .07 .54
.33 .30 .04
.39 .85 .55
.22 .71 .83
.48 .27 .40
10
.88 .60 .17
.90 .22 .74
.63 .26 .95
.53 .81 .69
.52 .14 .32
.93 .18 .70
.03 .29 .90
.31 .34 .44
.23 .42 .20
.34 .29 .44
10
.31 .02 .50
.69 .62 .70
.85 .13 .89
.13 .08 .74
.18 .56 .13
.74 .77 .61
.54 .35 .46
.82 .30 .71
.65 .95 .16
.11 .98 .76
