5
10
.91 .67 .61 .93 .47
.86 .26 1.00 .36 .25
.39 .80 .44 .81 .02
.47 .91 .44 .32 .95
.73 .38 .35 .86 .14
.51 .46 .67 .28 .17
.86 .11 .98 .15 .51
.13 .50 .68 .67 .31
.16 .78 .77 .37 .68
.27 .86 .75 .50 .52
10
.83 .15 .91 .71 .39
.18 .24 .36 .88 .35
.14 .59 .69 .34 .86
.38 .38 .86 .59 .25
.24 .65 .65 .23 .35
.58 .59 .18 .64 .06
.98 .13 .67 .51 .28
.18 .08 .18 .57 .93
.83 .12 .04 .76 .12
.00 .28 .20 .51 .97
10
.60 .10 .92 .74 .81
.05 .03 .60 .11 .10
.01 .88 .85 .92 .26
.90 .81 .95 .08 .37
.93 .97 .16 .84 .38
.15 .69 .28 .12 .50
.21 .14 .35 .89 .56
.05 .64 .63 .21 .26
.62 .31 .99 .12 .22
.80 .49 .40 .53 .12
10
.40 .36 .29 .81 .77
.80 .57 .25 .52 .31
.44 .11 .64 .86 .98
.85 .88 .81 .65 .38
.65 .22 .44 .03 .54
.40 .31 .91 .47 .19
.85 .79 .92 .12 .06
.69 .04 .57 .51 .60
.61 .18 .70 .90 .74
.49 .26 .32 .34 .61
10
.10 .69 .96 .73 .32
.33 .78 .78 .70 .05
.97 .43 .58 .74 .19
.16 .35 .90 .77 .25
.27 .32 .18 .47 .57
.19 .56 .71 .63 .12
.98 .58 .91 .48 .14
.76 .25 .05 .43 .05
.64 .66 .86 .83 .38
.47 .40 .39 .09 .44
