5
10
.62 .11 .46 .53
.70 .08 .04 .28
.83 .53 .12 .18
.08 .79 .93 .78
.01 .30 .98 .92
.10 .86 .50 .76
.73 .29 .65 .93
.18 .19 .95 .70
.28 .45 .05 .68
.22 .24 .52 .16
10
.18 1.00 .59 .91
.17 .23 .94 .89
.02 .76 .66 .51
.69 .75 .15 .10
.13 .91 .82 .82
.39 .69 .08 .17
.46 .68 .10 .38
.99 .72 .59 .91
.73 .28 .96 .04
.07 .14 .90 .69
10
.07 .97 .02 .98
.93 .60 .09 .80
.19 .72 .03 .28
.89 .22 .99 .38
.42 .06 .61 .83
.71 .18 .33 .74
.07 .04 .64 .61
.28 .62 .41 .51
.23 .28 .67 .68
.04 .90 .03 .25
10
.16 .40 .54 .27
.91 .93 .98 .23
.15 .39 .20 .03
.41 .26 .15 .66
.09 .45 .62 .48
.24 .63 .00 .49
.43 .46 .71 .13
.90 .55 .10 .36
.58 .75 .53 .62
.70 .48 .34 .83
10
.55 .28 .76 .79
.17 .24 .90 .06
.63 .81 .41 .02
.84 .86 .21 .21
.14 .43 .04 .78
.35 .40 .60 .75
.49 .16 .32 .46
.79 .73 .12 .27
.97 .65 .02 .88
.56 .12 .40 .68
